21237.21 21396.75 21556.3 21715.84 21875.38
22034.92 22194.46 22354 22513.54 22673.08
22832.63 22992.17 23151.71 23311.25 23470.79
23630.33 23789.87 23949.41 24108.96 24268.5
24428.04 24587.58 24747.12 24906.66 25066.2
25225.74 25385.29 25544.83 25704.37 25863.91
26023.45 26182.99 26342.53 26502.07 26661.62
26821.16 26980.7 27140.24 27299.78 27459.32
27618.86 27778.4 27937.95 28097.49 28257.03
28416.57 28576.11 28735.65 28895.19 29054.73
29214.27 29373.82 29533.36 29692.9 29852.44
30011.98 30171.52 30331.06 30490.6 30650.15
30809.69 30969.23 31128.77 31288.31 31447.85
31607.39 31766.93 31926.48 32086.02 32245.56
32405.1 32564.64 32724.18 32883.72 33043.26
33202.81 33362.35 33521.89 33681.43 33840.97
34000.51 34160.05 34319.59 34479.14 34638.68
34798.22 34957.76 35117.3 35276.84 35436.38
35595.92 35755.47 35915.01 36074.55 36234.09
36393.63 36553.17 36712.71 36872.25 37031.8
37191.34 37350.88 37510.42 37669.96 37829.5
37989.04 38148.58 38308.13 38467.67 38627.21
38786.75 38946.29 39105.83 39265.37 39424.91
39584.46 39744 39903.54 40063.08 40222.62
40382.16 40541.7 40701.24 40860.79 41020.33
41179.87 41339.41 41498.95 41658.49 41818.03
41977.57 42137.12 42296.66 42456.2 42615.74
42775.28 42934.82 43094.36 43253.9 43413.45
43572.99 43732.53 43892.07 44051.61 44211.15
44370.69 44530.23 44689.78 44849.32 45008.86
45168.4 45327.94 45487.48 45647.02 45806.56
45966.11 46125.65 46285.19 46444.73 46604.27
46763.81 46923.35 47082.89 47242.44 47401.98
47561.52 47721.06 47880.6 48040.14 48199.68
48359.22 48518.77 48678.31 48837.85 48997.39
49156.93 49316.47 49476.01 49635.55 49795.1
49954.64 50114.18 50273.72 50433.26 50592.8
50752.34 50911.88 51071.42 51230.97 51390.51
51550.05 51709.59 51869.13 52028.67 52188.21
52347.75 52507.3 52666.84 52826.38 52985.92
53145.46 53305 53464.54 53624.08 53783.63
53943.17 54102.71 54262.25 54421.79 54581.33
54740.87 54900.41 55059.96 55219.5 55379.04
55538.58 55698.12 55857.66 56017.2 56176.74
56336.29 56495.83 56655.37 56814.91 56974.45
57133.99 57293.53 57453.07 57612.62 57772.16
57931.7 58091.24 58250.78 58410.32 58569.86
58729.4 58888.95 59048.49 59208.03 59367.57
59527.11 59686.65 59846.19 60005.73 60165.28
60324.82 60484.36 60643.9 60803.44 60962.98
61122.52 61282.06 61441.61 61601.15 61760.69
61920.23 62079.77 62239.31 62398.85 62558.39
62717.94 62877.48 63037.02 63196.56 63356.1
63515.64 63675.18 63834.72 63994.27 64153.81
64313.35 64472.89 64632.43 64791.97 64951.51
65111.05 65270.6 65430.14 65589.68 65749.22
65908.76 66068.3 66227.84 66387.38 66546.93
66706.47 66866.01 67025.55 67185.09 67344.63
67504.17 67663.71 67823.26 67982.8 68142.34
68301.88 68461.42 68620.96 68780.5 68940.04
69099.59 69259.13 69418.67 69578.21 69737.75
69897.29 70056.83 70216.37 70375.92 70535.46
70695 70854.54 71014.08 71173.62 71333.16
71492.7 71652.25 71811.79 71971.33 72130.87
72290.41 72449.95 72609.49 72769.03 72928.58
73088.12 73247.66 73407.2 73566.74 73726.28
73885.82 74045.36 74204.9 74364.45 74523.99
74683.53 74843.07 75002.61 75162.15 75321.69
75481.23 75640.78 75800.32 75959.86 76119.4
76278.94 76438.48 76598.02 76757.56 76917.11
77076.65 77236.19 77395.73 77555.27 77714.81
77874.35 78033.89 78193.44 78352.98 78512.52
78672.06 78831.6 78991.14 79150.68 79310.22
79469.77 79629.31 79788.85 79948.39 80107.93
80267.47 80427.01 80586.55 80746.1 80905.64
81065.18 81224.72 81384.26 81543.8 81703.34
81862.88 82022.43 82181.97 82341.51 82501.05
82660.59 82820.13 82979.67 83139.21 83298.76
83458.3 83617.84 83777.38 83936.92 84096.46
84256 84415.54 84575.09 84734.63 84894.17
85053.71 85213.25 85372.79 85532.33 85691.87
85851.42 86010.96 86170.5 86330.04 86489.58
86649.12 86808.66 86968.2 87127.75 87287.29
87446.83 87606.37 87765.91 87925.45 88084.99
88244.53 88404.08 88563.62 88723.16 88882.7
89042.24 89201.78 89361.32 89520.86 89680.41
89839.95 89999.49 90159.03 90318.57 90478.11
90637.65 90797.19 90956.74 91116.28 91275.82
91435.36 91594.9 91754.44 91913.98 92073.52
92233.07 92392.61 92552.15 92711.69 92871.23
93030.77 93190.31 93349.85 93509.4 93668.94
93828.48 93988.02 94147.56 94307.1 94466.64
94626.18 94785.73 94945.27 95104.81 95264.35
95423.89 95583.43 95742.97 95902.51 96062.05
96221.6 96381.14 96540.68 96700.22 96859.76
97019.3 97178.84 97338.38 97497.93 97657.47
97817.01 97976.55 98136.09 98295.63 98455.17
98614.71 98774.26 98933.8 99093.34 99252.88
99412.42 99571.96 99731.5 99891.04 100050.6
100210.1 100369.7 100529.2 100688.8 100848.3
101007.8 101167.4 101326.9 101486.5 101646
101805.5 101965.1 102124.6 102284.2 102443.7
102603.2 102762.8
