21678.04 21849.56 22021.07 22192.59 22364.1
22535.61 22707.13 22878.64 23050.16 23221.67
23393.19 23564.7 23736.22 23907.73 24079.25
24250.76 24422.27 24593.79 24765.3 24936.82
25108.33 25279.85 25451.36 25622.88 25794.39
25965.9 26137.42 26308.93 26480.45 26651.96
26823.48 26994.99 27166.51 27338.02 27509.54
27681.05 27852.56 28024.08 28195.59 28367.11
28538.62 28710.14 28881.65 29053.17 29224.68
29396.2 29567.71 29739.22 29910.74 30082.25
30253.77 30425.28 30596.8 30768.31 30939.83
31111.34 31282.85 31454.37 31625.88 31797.4
31968.91 32140.43 32311.94 32483.46 32654.97
32826.49 32998 33169.51 33341.03 33512.54
33684.06 33855.57 34027.09 34198.6 34370.12
34541.63 34713.14 34884.66 35056.17 35227.69
35399.2 35570.72 35742.23 35913.75 36085.26
36256.78 36428.29 36599.8 36771.32 36942.83
37114.35 37285.86 37457.38 37628.89 37800.41
37971.92 38143.44 38314.95 38486.46 38657.98
38829.49 39001.01 39172.52 39344.04 39515.55
39687.07 39858.58 40030.09 40201.61 40373.12
40544.64 40716.15 40887.67 41059.18 41230.7
41402.21 41573.73 41745.24 41916.75 42088.27
42259.78 42431.3 42602.81 42774.33 42945.84
43117.36 43288.87 43460.39 43631.9 43803.41
43974.93 44146.44 44317.96 44489.47 44660.99
44832.5 45004.02 45175.53 45347.04 45518.56
45690.07 45861.59 46033.1 46204.62 46376.13
46547.65 46719.16 46890.68 47062.19 47233.7
47405.22 47576.73 47748.25 47919.76 48091.28
48262.79 48434.31 48605.82 48777.34 48948.85
49120.36 49291.88 49463.39 49634.91 49806.42
49977.94 50149.45 50320.97 50492.48 50663.99
50835.51 51007.02 51178.54 51350.05 51521.57
51693.08 51864.6 52036.11 52207.63 52379.14
52550.65 52722.17 52893.68 53065.2 53236.71
53408.23 53579.74 53751.26 53922.77 54094.28
54265.8 54437.31 54608.83 54780.34 54951.86
55123.37 55294.89 55466.4 55637.92 55809.43
55980.94 56152.46 56323.97 56495.49 56667
56838.52 57010.03 57181.55 57353.06 57524.58
57696.09 57867.6 58039.12 58210.63 58382.15
58553.66 58725.18 58896.69 59068.21 59239.72
59411.23 59582.75 59754.26 59925.78 60097.29
60268.81 60440.32 60611.84 60783.35 60954.87
61126.38 61297.89 61469.41 61640.92 61812.44
61983.95 62155.47 62326.98 62498.5 62670.01
62841.53 63013.04 63184.55 63356.07 63527.58
63699.1 63870.61 64042.13 64213.64 64385.16
64556.67 64728.18 64899.7 65071.21 65242.73
65414.24 65585.76 65757.27 65928.79 66100.3
66271.82 66443.33 66614.84 66786.36 66957.87
67129.39 67300.9 67472.42 67643.93 67815.45
67986.96 68158.47 68329.99 68501.5 68673.02
68844.53 69016.05 69187.56 69359.08 69530.59
69702.11 69873.62 70045.13 70216.65 70388.16
70559.68 70731.19 70902.71 71074.22 71245.74
71417.25 71588.77 71760.28 71931.79 72103.31
72274.82 72446.34 72617.85 72789.37 72960.88
73132.4 73303.91 73475.42 73646.94 73818.45
73989.97 74161.48 74333 74504.51 74676.03
74847.54 75019.06 75190.57 75362.08 75533.6
75705.11 75876.63 76048.14 76219.66 76391.17
76562.69 76734.2 76905.72 77077.23 77248.74
77420.26 77591.77 77763.29 77934.8 78106.32
78277.83 78449.35 78620.86 78792.37 78963.89
79135.4 79306.92 79478.43 79649.95 79821.46
79992.98 80164.49 80336.01 80507.52 80679.03
80850.55 81022.06 81193.58 81365.09 81536.61
81708.12 81879.64 82051.15 82222.66 82394.18
82565.69 82737.21 82908.72 83080.24 83251.75
83423.27 83594.78 83766.3 83937.81 84109.32
84280.84 84452.35 84623.87 84795.38 84966.9
85138.41 85309.93 85481.44 85652.96 85824.47
85995.98 86167.5 86339.01 86510.53 86682.04
86853.56 87025.07 87196.59 87368.1 87539.61
87711.13 87882.64 88054.16 88225.67 88397.19
88568.7 88740.22 88911.73 89083.25 89254.76
89426.27 89597.79 89769.3 89940.82 90112.33
90283.85 90455.36 90626.88 90798.39 90969.91
91141.42 91312.93 91484.45 91655.96 91827.48
91998.99 92170.51 92342.02 92513.54 92685.05
92856.56 93028.08 93199.59 93371.11 93542.62
93714.14 93885.65 94057.17 94228.68 94400.2
94571.71 94743.22 94914.74 95086.25 95257.77
95429.28 95600.8 95772.31 95943.83 96115.34
96286.86 96458.37 96629.88 96801.4 96972.91
97144.43 97315.94 97487.46 97658.97 97830.49
98002 98173.51 98345.03 98516.54 98688.06
98859.57 99031.09 99202.6 99374.12 99545.63
99717.15 99888.66 100060.2 100231.7 100403.2
100574.7 100746.2 100917.7 101089.3 101260.8
101432.3 101603.8 101775.3 101946.8 102118.3
102289.9 102461.4 102632.9 102804.4 102975.9
103147.4 103319 103490.5 103662 103833.5
104005 104176.5 104348 104519.6 104691.1
104862.6 105034.1 105205.6 105377.1 105548.6
105720.2 105891.7 106063.2 106234.7 106406.2
106577.7 106749.2 106920.8 107092.3 107263.8
107435.3 107606.8 107778.3 107949.8 108121.4
108292.9 108464.4 108635.9 108807.4 108978.9
109150.4 109322
