7.192686e-08 2.082397e-07 5.181253e-07 1.115285e-06 2.102857e-06
3.555618e-06 5.614784e-06 8.741129e-06 1.395907e-05 2.268935e-05
3.587024e-05 5.272039e-05 7.026708e-05 8.466623e-05 9.388673e-05
9.95826e-05 0.0001059746 0.0001160724 0.0001285298 0.0001385282
0.0001424423 0.0001419121 0.0001428421 0.0001497306 0.0001605407
0.0001688483 0.0001716136 0.0001724861 0.0001779248 0.0001897948
0.0002020345 0.0002049368 0.0001930787 0.0001695839 0.000143247
0.000121786 0.0001074224 9.789082e-05 9.062457e-05 8.550918e-05
8.389547e-05 8.56432e-05 8.77695e-05 8.634003e-05 7.975317e-05
7.008271e-05 6.111983e-05 5.508112e-05 5.113718e-05 4.684658e-05
4.084129e-05 3.402123e-05 2.805488e-05 2.378411e-05 2.080601e-05
1.823976e-05 1.564071e-05 1.321136e-05 1.133961e-05 1.008517e-05
9.104802e-06 7.980311e-06 6.564149e-06 5.039276e-06 3.713658e-06
2.788146e-06 2.287856e-06 2.147669e-06 2.310277e-06 2.731725e-06
3.32147e-06 3.927434e-06 4.427945e-06 4.855998e-06 5.400294e-06
6.221925e-06 7.189851e-06 7.900141e-06 7.981165e-06 7.37822e-06
6.385033e-06 5.404731e-06 4.672551e-06 4.171985e-06 3.7658e-06
3.374896e-06 3.038528e-06 2.838698e-06 2.80265e-06 2.89312e-06
3.082985e-06 3.412691e-06 3.943839e-06 4.636743e-06 5.279691e-06
5.572644e-06 5.324836e-06 4.600447e-06 3.677491e-06 2.854626e-06
2.276842e-06 1.918625e-06 1.683472e-06 1.529465e-06 1.464303e-06
1.483137e-06 1.540543e-06 1.583646e-06 1.603484e-06 1.644642e-06
1.762447e-06 1.977904e-06 2.287033e-06 2.720412e-06 3.378617e-06
4.370837e-06 5.678614e-06 7.074789e-06 8.224205e-06 8.93562e-06
9.349182e-06 9.839575e-06 1.066087e-05 1.164776e-05 1.229791e-05
1.221383e-05 1.149684e-05 1.069774e-05 1.028601e-05 1.01999e-05
1.001791e-05 9.417204e-06 8.474598e-06 7.554301e-06 6.958572e-06
6.711127e-06 6.650122e-06 6.677175e-06 6.87724e-06 7.391211e-06
8.199252e-06 9.076968e-06 9.808337e-06 1.044838e-05 1.132671e-05
1.271172e-05 1.442237e-05 1.580435e-05 1.618708e-05 1.544996e-05
1.415052e-05 1.305113e-05 1.247788e-05 1.211279e-05 1.143226e-05
1.032096e-05 9.101094e-06 8.16088e-06 7.591052e-06 7.166539e-06
6.623653e-06 5.917183e-06 5.222092e-06 4.729183e-06 4.467034e-06
4.313153e-06 4.148094e-06 3.976868e-06 3.900337e-06 3.984954e-06
4.181543e-06 4.385455e-06 4.573286e-06 4.856417e-06 5.365037e-06
6.058254e-06 6.662978e-06 6.845053e-06 6.481148e-06 5.77979e-06
5.109961e-06 4.6488e-06 4.313636e-06 3.904813e-06 3.308829e-06
2.580877e-06 1.875306e-06 1.325327e-06 9.798587e-07 8.210637e-07
8.120998e-07 9.195457e-07 1.100991e-06 1.290187e-06 1.411968e-06
1.422883e-06 1.340181e-06 1.226778e-06 1.140392e-06 1.090991e-06
1.043979e-06 9.625199e-07 8.459708e-07 7.292807e-07 6.505231e-07
6.232084e-07 6.390439e-07 6.991718e-07 8.177197e-07 9.974473e-07
1.202901e-06 1.36579e-06 1.42699e-06 1.380259e-06 1.276302e-06
1.181533e-06 1.128621e-06 1.102533e-06 1.070351e-06 1.02155e-06
9.785096e-07 9.696269e-07 9.956481e-07 1.02548e-06 1.026358e-06
9.970773e-07 9.6891e-07 9.715299e-07 9.982254e-07 1.007194e-06
9.587013e-07 8.555873e-07 7.405742e-07 6.521942e-07 5.989383e-07
5.642148e-07 5.31475e-07 5.011791e-07 4.847567e-07 4.857568e-07
4.894868e-07 4.715282e-07 4.164497e-07 3.29976e-07 2.364598e-07
1.677605e-07 1.550092e-07 2.272212e-07 4.09209e-07 7.085113e-07
1.092698e-06 1.476463e-06 1.743055e-06 1.801825e-06 1.645433e-06
1.357223e-06 1.058434e-06 8.348069e-07 7.013568e-07 6.409296e-07
6.405349e-07 6.96792e-07 7.946904e-07 8.913854e-07 9.289738e-07
8.685634e-07 7.156163e-07 5.150232e-07 3.222211e-07 1.746672e-07
8.181597e-08 3.312672e-08 1.19982e-08 5.444404e-09 7.318389e-09
1.790121e-08 4.245133e-08 8.879295e-08 1.626753e-07 2.613229e-07
3.696461e-07 4.65656e-07 5.356435e-07 5.914016e-07 6.605263e-07
7.572784e-07 8.604757e-07 9.201927e-07 8.912932e-07 7.65843e-07
5.781375e-07 3.817328e-07 2.199029e-07 1.102986e-07 4.811499e-08
1.845062e-08 7.155854e-09 5.893646e-09 1.287596e-08 3.191967e-08
7.05228e-08 1.358589e-07 2.284131e-07 3.366564e-07 4.392605e-07
5.181369e-07 5.747446e-07 6.331306e-07 7.20738e-07 8.328306e-07
9.281304e-07 9.593746e-07 9.108531e-07 8.100275e-07 7.034825e-07
6.21061e-07 5.596873e-07 4.962727e-07 4.12898e-07 3.115835e-07
2.105808e-07 1.310573e-07 8.723063e-08 8.492995e-08 1.241103e-07
1.988232e-07 2.93652e-07 3.821932e-07 4.338209e-07 4.278864e-07
3.657362e-07 2.701975e-07 1.72084e-07 9.425125e-08 4.5169e-08
1.894469e-08 6.954013e-09 2.232752e-09 6.256951e-10 1.525214e-10
3.220956e-11 5.868398e-12 9.188881e-13 1.232466e-13 1.412159e-14
1.379327e-15 1.14653e-16 8.089907e-18 4.751059e-19 1.674421e-20
0 0 0 0 0
0 0 0 0 0
0 4.581446e-20 1.217711e-18 2.069969e-17 2.956674e-16
3.582321e-15 3.686005e-14 3.222904e-13 2.3966e-12 1.517293e-11
8.189775e-11 3.775352e-10 1.489484e-09 5.041463e-09 1.467781e-08
3.685507e-08 8.000119e-08 1.503964e-07 2.450891e-07 3.461921e-07
4.233932e-07 4.474875e-07 4.077391e-07 3.194606e-07 2.146765e-07
1.236755e-07 6.19645e-08 2.702042e-08 1.027131e-08 3.403437e-09
9.813626e-10 2.455146e-10 5.309833e-11 9.890338e-12 1.581149e-12
2.163246e-13 2.527085e-14 2.516409e-15 2.133427e-16 1.538875e-17
9.466976e-19 5.408668e-20 6.377577e-21 4.774641e-21 9.04422e-21
7.28332e-21 3.543881e-21 1.998631e-21 3.500235e-22 3.306001e-21
2.062578e-21 2.687588e-23 3.013239e-21 7.22296e-21 4.671191e-21
1.766705e-21 1.943072e-21 3.717008e-21 4.538674e-21 3.940849e-21
8.202758e-21 8.510242e-21 5.559993e-21 2.11982e-21 0
1.888768e-21 2.510158e-21 1.248997e-21 2.270143e-21 7.710788e-22
2.459734e-21 3.74089e-21 8.700165e-21 1.402671e-21 7.449469e-21
0 0 0 0 1.628297e-21
2.412463e-22 0 1.002002e-21 4.526201e-21 2.749733e-21
7.335694e-22 1.16265e-22 0 0 0
0 0 0 0 4.640224e-22
1.785135e-21 2.932015e-21 3.017647e-21 6.205333e-22 2.048319e-21
3.076905e-21 3.706111e-21 1.336458e-23 8.530917e-22 1.208678e-21
5.456101e-21 1.953988e-21 7.445655e-22 6.106117e-21 3.789653e-21
7.277135e-22 3.42667e-21 3.383804e-21 4.757998e-21 2.886121e-21
0 5.081022e-22 8.70387e-22 3.673342e-22 0
0 0 4.43847e-21 1.068161e-19 1.70608e-18
2.247843e-17 2.502935e-16 2.360249e-15 1.896792e-14 1.60409e-13
1.24289e-12 8.222444e-12 4.649142e-11 2.249345e-10 9.324707e-10
3.317259e-09 1.014488e-08 2.672264e-08 6.075525e-08 1.194791e-07
2.036554e-07 3.014131e-07 3.87824e-07 4.340592e-07 4.224556e-07
3.571467e-07 2.617911e-07 1.659968e-07 9.081668e-08 4.275873e-08
1.728272e-08 5.983711e-09
