6.78993e-08 1.483992e-07 3.022701e-07 5.763626e-07 1.034927e-06
1.763193e-06 2.875357e-06 4.52956e-06 6.94683e-06 1.042049e-05
1.529281e-05 2.187641e-05 3.031813e-05 4.044058e-05 5.163573e-05
6.289603e-05 7.302799e-05 8.100263e-05 8.615945e-05 8.889265e-05
8.998036e-05 9.036974e-05 9.090707e-05 9.220928e-05 9.466183e-05
9.844609e-05 0.0001035262 0.0001096148 0.0001161994 0.0001226851
0.0001286083 0.0001337897 0.0001382986 0.0001422267 0.0001454273
0.0001474355 0.0001476001 0.0001456774 0.0001420294 0.000137365
0.0001324381 0.0001277608 0.0001235339 0.0001197653 0.0001164148
0.0001134277 0.0001106506 0.0001077415 0.0001042046 9.957748e-05
9.366785e-05 8.667925e-05 7.912992e-05 7.161352e-05 6.456788e-05
5.816943e-05 5.235228e-05 4.704505e-05 4.220963e-05 3.781801e-05
3.380673e-05 3.006798e-05 2.649063e-05 2.301836e-05 1.968089e-05
1.657746e-05 1.382567e-05 1.15091e-05 9.65148e-06 8.223883e-06
7.170682e-06 6.434464e-06 5.968507e-06 5.74905e-06 5.732655e-06
5.88638e-06 6.166022e-06 6.508293e-06 6.832542e-06 7.054829e-06
7.110697e-06 6.976313e-06 6.676989e-06 6.278451e-06 5.865223e-06
5.51633e-06 5.287654e-06 5.204329e-06 5.260224e-06 5.420002e-06
5.622668e-06 5.785814e-06 5.827365e-06 5.700821e-06 5.400623e-06
4.961341e-06 4.441366e-06 3.901147e-06 3.386481e-06 2.922712e-06
2.518836e-06 2.175953e-06 1.894292e-06 1.675993e-06 1.524253e-06
1.441173e-06 1.426162e-06 1.475404e-06 1.582129e-06 1.73831e-06
1.936444e-06 2.169432e-06 2.435321e-06 2.730868e-06 3.04525e-06
3.356114e-06 3.632041e-06 3.841738e-06 3.965529e-06 4.002661e-06
3.970079e-06 3.89359e-06 3.797058e-06 3.696287e-06 3.600763e-06
3.521001e-06 3.475809e-06 3.494753e-06 3.623296e-06 3.898188e-06
4.351814e-06 5.002349e-06 5.842436e-06 6.831417e-06 7.898181e-06
8.958643e-06 9.942613e-06 1.081677e-05 1.159045e-05 1.230065e-05
1.298596e-05 1.366682e-05 1.434462e-05 1.501748e-05 1.569654e-05
1.640539e-05 1.71613e-05 1.794677e-05 1.871714e-05 1.943305e-05
2.008394e-05 2.068658e-05 2.125798e-05 2.178567e-05 2.222092e-05
2.250222e-05 2.25915e-05 2.249504e-05 2.225212e-05 2.189938e-05
2.143893e-05 2.083663e-05 2.005441e-05 1.909373e-05 1.801712e-05
1.694001e-05 1.597219e-05 1.518091e-05 1.459325e-05 1.420783e-05
1.400403e-05 1.394246e-05 1.396372e-05 1.399658e-05 1.397785e-05
1.387381e-05 1.368881e-05 1.345374e-05 1.320177e-05 1.294786e-05
1.268576e-05 1.240156e-05 1.2089e-05 1.174924e-05 1.137696e-05
1.094265e-05 1.040076e-05 9.714288e-06 8.880108e-06 7.938282e-06
6.960401e-06 6.024893e-06 5.193498e-06 4.499494e-06 3.949496e-06
3.533142e-06 3.233148e-06 3.031393e-06 2.911301e-06 2.858771e-06
2.862714e-06 2.91536e-06 3.005102e-06 3.114949e-06 3.225182e-06
3.317311e-06 3.380036e-06 3.411028e-06 3.412707e-06 3.384869e-06
3.319665e-06 3.203044e-06 3.022288e-06 2.774997e-06 2.473683e-06
2.142918e-06 1.810699e-06 1.499122e-06 1.219412e-06 9.734121e-07
7.590088e-07 5.723864e-07 4.139331e-07 2.852009e-07 1.869533e-07
1.181434e-07 7.625611e-08 5.854867e-08 6.335816e-08 9.073308e-08
1.420092e-07 2.184073e-07 3.191767e-07 4.40125e-07 5.733927e-07
7.089005e-07 8.370489e-07 9.513384e-07 1.048344e-06 1.128044e-06
1.187751e-06 1.220294e-06 1.215581e-06 1.165014e-06 1.066633e-06
9.281977e-07 7.665691e-07 6.036737e-07 4.608768e-07 3.53985e-07
2.904274e-07 2.690107e-07 2.817028e-07 3.165323e-07 3.607719e-07
4.037612e-07 4.385041e-07 4.62938e-07 4.78887e-07 4.88941e-07
4.95143e-07 4.984617e-07 4.991342e-07 4.971946e-07 4.925594e-07
4.845771e-07 4.715215e-07 4.506672e-07 4.192289e-07 3.75822e-07
3.2166e-07 2.60766e-07 1.990028e-07 1.423834e-07 9.559866e-08
6.151003e-08 3.969223e-08 2.942685e-08 3.018661e-08 4.217684e-08
6.625938e-08 1.033286e-07 1.534366e-07 2.151177e-07 2.853333e-07
3.601804e-07 4.360533e-07 5.105509e-07 5.823936e-07 6.501091e-07
7.100945e-07 7.553698e-07 7.763082e-07 7.617682e-07 7.089557e-07
6.225816e-07 5.138681e-07 3.975718e-07 2.877708e-07 1.945704e-07
1.227196e-07 7.211327e-08 3.94462e-08 2.011395e-08 9.70241e-09
4.820994e-09 3.371145e-09 4.493728e-09 8.415895e-09 1.629799e-08
3.004373e-08 5.223475e-08 8.493634e-08 1.280978e-07 1.79349e-07
2.333364e-07 2.823505e-07 3.180246e-07 3.336269e-07 3.260961e-07
2.969939e-07 2.519837e-07 1.990694e-07 1.463272e-07 9.998566e-08
6.344512e-08 3.734577e-08 2.037071e-08 1.028619e-08 4.824676e-09
2.169279e-09 9.126748e-10 3.627258e-10 1.497475e-10 1.064721e-10
1.986068e-10 5.108939e-10 1.288981e-09 3.033995e-09 6.632912e-09
1.347725e-08 2.548066e-08 4.487546e-08 7.368567e-08 1.12874e-07
1.613431e-07 2.151797e-07 2.67634e-07 3.093031e-07 3.321533e-07
3.319497e-07 3.090119e-07 2.681368e-07 2.169963e-07 1.638844e-07
1.157205e-07 7.695053e-08 4.951815e-08 3.363891e-08 2.888298e-08
3.506814e-08 5.262008e-08 8.228145e-08 1.242907e-07 1.773755e-07
2.380653e-07 3.006874e-07 3.582863e-07 4.058373e-07 4.412047e-07
4.652106e-07 4.805357e-07 4.901141e-07 4.959574e-07 4.989171e-07
4.99181e-07 4.968217e-07 4.918082e-07 4.834504e-07 4.698322e-07
4.479454e-07 4.14807e-07 3.691188e-07 3.125347e-07 2.497243e-07
1.875374e-07 1.321394e-07 8.718932e-08 5.379518e-08 3.099553e-08
1.665537e-08 8.33504e-09 3.87917e-09 1.676595e-09 6.720167e-10
2.494841e-10 8.568856e-11 2.720133e-11 7.974097e-12 2.157229e-12
5.382592e-13 1.238156e-13 2.624822e-14 5.846749e-15 1.246555e-15
2.434047e-16 4.351073e-17 7.125345e-18 1.066458e-18 1.456534e-19
2.026321e-20 5.457706e-21 4.645194e-21 2.855841e-21 4.562814e-22
2.30259e-21 3.705433e-21 1.758138e-21 4.788845e-21 8.999721e-22
5.969916e-21 7.171199e-21 8.372483e-21 9.205954e-21 9.662086e-21
3.629816e-21 4.082436e-21 3.153995e-21 5.398378e-21 6.247615e-21
6.525538e-21 6.215785e-21 5.41179e-21 5.856005e-21 1.95357e-21
2.994915e-21 5.412759e-22 3.031565e-21 8.592856e-23 1.68764e-21
3.289351e-21 3.82271e-22 0 3.295553e-22 2.262316e-21
7.073595e-21 3.59154e-20 2.708337e-19 1.987397e-18 1.341736e-17
8.322163e-17 4.748243e-16 2.493615e-15 1.206191e-14 5.379445e-14
2.215372e-13 8.442224e-13 2.9853e-12 1.059867e-11 3.577731e-11
1.115097e-10 3.210801e-10 8.546848e-10 2.104933e-09 4.800734e-09
1.014968e-08 1.991311e-08 3.629445e-08 6.15185e-08 9.705777e-08
1.426325e-07 1.953237e-07 2.492783e-07 2.964181e-07 3.282285e-07
3.38177e-07 3.233772e-07 2.868567e-07 2.369051e-07 1.822744e-07
1.306991e-07 8.73413e-08 5.437901e-08 3.152953e-08 1.70326e-08
8.63437e-09 4.29904e-09 2.589934e-09 2.80619e-09 5.003335e-09
9.984198e-09 1.926183e-08 3.491058e-08 5.917584e-08 9.377155e-08
1.391883e-07 1.917335e-07 2.453555e-07 2.919594e-07 3.233454e-07
3.335409e-07 3.206236e-07 2.872864e-07 2.399326e-07 1.867116e-07
1.353006e-07 9.1226e-08 5.717515e-08 3.327424e-08 1.796195e-08
8.984374e-09 4.159913e-09
