#5b008571|local|THIS@/Users/lottiecarruthers/Documents/Masters/Project/HelloWorldSPL/output/.spl/temporary/build-0/sourceCode/revision-0-20160701121213:main.Method#sort1[THIS@/Users/lottiecarruthers/Documents/Masters/Project/HelloWorldSPL/output/.spl/temporary/build-0/sourceCode/revision-0-20160701121213:main.Generator('MzA7MTAwMA==')#generate()]()
#date=01-Jul-2016 12:12:20
#warmup=1000
#count=2000
#begin
420000
416000
413000
415000
339000
337000
342000
272000
267000
269000
204000
222000
203000
201000
202000
199000
249000
200000
199000
200000
198000
203000
209000
201000
200000
224000
232000
217000
207000
201000
200000
202000
199000
210000
194000
191000
190000
206000
203000
202000
202000
206000
249000
202000
200000
199000
204000
200000
197000
201000
202000
205000
201000
200000
200000
206000
201000
221000
193000
189000
189000
190000
201000
189000
190000
193000
193000
195000
194000
193000
191000
192000
190000
202000
215000
189000
193000
208000
190000
194000
193000
192000
192000
188000
189000
192000
187000
188000
193000
211000
195000
197000
242000
190000
192000
191000
192000
193000
202000
192000
191000
189000
187000
191000
206000
192000
190000
191000
194000
193000
194000
216000
195000
190000
192000
189000
187000
189000
189000
190000
198000
190000
191000
194000
193000
201000
223000
218000
190000
194000
191000
193000
190000
186000
190000
204000
189000
189000
190000
192000
192000
200000
192000
191000
188000
192000
190000
190000
194000
188000
189000
201000
190000
189000
207000
188000
189000
191000
192000
188000
184000
191000
188000
188000
188000
191000
191000
192000
192000
188000
189000
189000
191000
190000
190000
191000
190000
188000
188000
190000
188000
193000
199000
214000
190000
195000
189000
194000
190000
191000
2398000
414000
396000
412000
410000
330000
330000
329000
275000
261000
261000
196000
201000
196000
202000
227000
197000
192000
189000
189000
189000
191000
189000
205000
190000
189000
188000
190000
190000
188000
195000
191000
187000
188000
192000
191000
190000
192000
193000
200000
190000
192000
190000
189000
188000
188000
188000
189000
188000
189000
189000
195000
190000
188000
203000
192000
192000
190000
190000
191000
188000
188000
189000
193000
352000
193000
186000
190000
190000
189000
206000
189000
191000
188000
189000
193000
194000
194000
201000
192000
193000
196000
190000
192000
189000
193000
220000
192000
196000
196000
252000
193000
190000
188000
189000
191000
200000
188000
191000
189000
190000
212000
189000
190000
190000
192000
243000
191000
191000
190000
191000
196000
188000
190000
191000
194000
215000
224000
197000
198000
198000
196000
198000
199000
197000
197000
198000
195000
198000
209000
199000
202000
209000
193000
193000
199000
193000
195000
199000
199000
325000
394000
388000
391000
378000
384000
348000
310000
380000
273000
273000
256000
216000
198000
196000
195000
194000
194000
196000
197000
196000
214000
197000
208000
191000
189000
189000
190000
192000
191000
189000
193000
189000
193000
193000
195000
188000
195000
192000
201000
188000
193000
193000
193000
189000
189000
192000
194000
195000
194000
188000
193000
192000
199000
191000
209000
193000
193000
195000
190000
189000
189000
188000
194000
193000
193000
194000
195000
249000
192000
209000
190000
190000
193000
194000
189000
192000
187000
190000
189000
187000
185000
190000
193000
200000
191000
199000
190000
197000
189000
190000
187000
193000
194000
193000
191000
191000
189000
187000
189000
187000
199000
191000
189000
184000
193000
188000
188000
190000
191000
190000
188000
196000
189000
193000
190000
188000
200000
194000
195000
193000
191000
192000
293000
222000
186000
259000
192000
189000
194000
190000
191000
202000
189000
190000
186000
190000
187000
194000
192000
189000
188000
188000
189000
198000
189000
191000
190000
199000
187000
190000
189000
191000
187000
196000
191000
188000
192000
187000
192000
185000
193000
190000
188000
197000
190000
214000
191000
190000
189000
192000
189000
197000
189000
192000
191000
188000
188000
187000
197000
188000
192000
190000
190000
190000
201000
188000
188000
190000
186000
188000
185000
188000
187000
186000
200000
191000
190000
193000
220000
189000
192000
189000
190000
188000
189000
214000
189000
189000
189000
202000
189000
189000
187000
189000
215000
192000
190000
189000
190000
191000
194000
193000
193000
192000
192000
201000
187000
189000
189000
189000
222000
188000
194000
194000
194000
188000
188000
189000
187000
191000
208000
188000
190000
194000
191000
189000
191000
198000
193000
190000
190000
194000
192000
198000
195000
194000
205000
190000
194000
194000
208000
189000
190000
189000
189000
190000
190000
195000
190000
190000
192000
192000
214000
193000
195000
200000
192000
194000
190000
190000
191000
189000
194000
192000
192000
191000
198000
203000
195000
191000
192000
190000
192000
243000
192000
188000
191000
190000
194000
188000
187000
189000
190000
205000
189000
187000
193000
197000
188000
189000
189000
188000
192000
188000
189000
233000
191000
189000
210000
202000
190000
192000
189000
192000
193000
193000
191000
188000
190000
191000
202000
190000
192000
192000
206000
194000
191000
192000
189000
187000
189000
189000
191000
189000
187000
191000
192000
189000
189000
195000
189000
191000
195000
191000
189000
187000
191000
189000
186000
192000
191000
194000
193000
188000
188000
200000
192000
190000
190000
191000
192000
193000
188000
190000
190000
191000
194000
194000
191000
189000
189000
201000
188000
192000
191000
191000
219000
187000
190000
188000
188000
184000
226000
186000
188000
189000
201000
192000
187000
189000
189000
193000
191000
191000
190000
216000
194000
191000
194000
190000
189000
191000
200000
191000
192000
190000
190000
189000
195000
190000
191000
189000
190000
214000
194000
188000
191000
201000
191000
190000
190000
214000
189000
186000
185000
189000
190000
189000
190000
191000
203000
191000
188000
202000
192000
190000
190000
189000
191000
189000
190000
195000
190000
199000
194000
194000
192000
189000
190000
191000
214000
191000
189000
188000
187000
193000
188000
187000
190000
186000
191000
204000
204000
203000
198000
193000
190000
188000
190000
191000
193000
190000
188000
189000
194000
194000
188000
188000
190000
191000
199000
190000
190000
191000
191000
192000
188000
189000
191000
191000
187000
190000
189000
220000
282000
214000
192000
189000
187000
190000
188000
192000
209000
212000
208000
238000
239000
302000
196000
186000
191000
206000
318000
314000
319000
357000
364000
311000
319000
256000
249000
252000
189000
190000
188000
185000
202000
190000
190000
192000
190000
189000
210000
191000
188000
188000
191000
190000
193000
191000
200000
193000
202000
201000
191000
191000
193000
191000
190000
197000
197000
195000
192000
192000
192000
195000
193000
194000
192000
192000
194000
209000
187000
189000
207000
196000
191000
187000
191000
190000
189000
188000
190000
219000
193000
189000
189000
189000
191000
191000
197000
187000
189000
186000
188000
192000
191000
192000
190000
199000
197000
193000
193000
205000
213000
188000
189000
191000
191000
190000
191000
190000
191000
191000
205000
191000
324000
292000
215000
212000
206000
209000
216000
220000
225000
236000
228000
218000
222000
213000
258000
208000
209000
205000
206000
394000
392000
387000
384000
315000
320000
318000
254000
257000
257000
203000
193000
206000
190000
189000
359000
207000
209000
213000
207000
209000
205000
211000
210000
208000
205000
220000
210000
207000
222000
204000
203000
190000
193000
191000
189000
193000
189000
188000
187000
190000
187000
189000
190000
187000
192000
191000
188000
197000
191000
190000
190000
189000
193000
192000
192000
294000
244000
191000
191000
185000
191000
192000
190000
191000
186000
190000
193000
190000
191000
189000
192000
190000
202000
189000
192000
188000
191000
191000
193000
193000
191000
191000
190000
195000
196000
193000
191000
199000
190000
189000
192000
190000
191000
191000
191000
192000
192000
187000
190000
189000
189000
191000
191000
200000
214000
195000
196000
200000
201000
201000
193000
193000
191000
196000
194000
193000
192000
194000
209000
221000
191000
194000
197000
194000
195000
193000
196000
197000
222000
195000
194000
195000
195000
197000
210000
195000
189000
188000
191000
187000
187000
188000
189000
186000
187000
186000
184000
188000
190000
192000
189000
191000
186000
186000
187000
191000
190000
185000
190000
199000
194000
194000
188000
191000
191000
197000
191000
191000
188000
189000
190000
190000
189000
187000
187000
192000
191000
185000
187000
191000
188000
254000
221000
196000
187000
191000
191000
187000
186000
191000
190000
185000
189000
189000
189000
193000
205000
192000
191000
194000
190000
191000
188000
189000
190000
191000
193000
190000
191000
190000
191000
195000
207000
195000
210000
192000
190000
193000
191000
192000
191000
190000
191000
190000
189000
192000
191000
203000
190000
191000
185000
188000
192000
188000
189000
186000
191000
191000
194000
190000
195000
195000
190000
210000
188000
198000
192000
189000
195000
190000
206000
203000
207000
207000
204000
206000
205000
201000
203000
205000
189000
190000
191000
195000
190000
188000
187000
192000
192000
191000
192000
198000
190000
191000
199000
190000
190000
190000
191000
192000
188000
190000
187000
210000
191000
188000
191000
194000
192000
194000
208000
189000
189000
191000
188000
193000
191000
189000
187000
187000
186000
184000
190000
189000
193000
197000
190000
189000
191000
193000
192000
189000
191000
191000
204000
195000
195000
191000
189000
191000
192000
222000
193000
186000
189000
190000
187000
189000
184000
188000
184000
261000
192000
213000
212000
211000
209000
189000
190000
189000
189000
189000
188000
192000
190000
188000
185000
198000
188000
188000
192000
190000
204000
191000
208000
206000
205000
202000
192000
190000
192000
195000
191000
193000
189000
193000
189000
190000
201000
192000
190000
191000
191000
274000
188000
187000
188000
185000
189000
192000
185000
188000
186000
197000
188000
187000
189000
189000
188000
188000
188000
229000
191000
190000
188000
185000
190000
188000
187000
198000
187000
189000
186000
187000
192000
188000
197000
187000
186000
187000
188000
191000
189000
190000
230000
213000
379000
191000
191000
187000
188000
186000
188000
188000
186000
188000
188000
184000
186000
188000
204000
191000
189000
189000
187000
187000
191000
186000
186000
189000
188000
189000
191000
195000
194000
198000
188000
194000
186000
188000
187000
191000
223000
190000
187000
189000
192000
186000
188000
188000
191000
202000
190000
187000
188000
188000
217000
189000
186000
190000
188000
185000
190000
187000
187000
186000
188000
201000
190000
188000
189000
186000
186000
190000
186000
189000
190000
185000
189000
190000
189000
187000
197000
192000
197000
190000
187000
187000
187000
190000
187000
190000
191000
186000
185000
190000
187000
187000
199000
198000
192000
189000
189000
194000
188000
191000
190000
190000
189000
191000
191000
196000
192000
199000
190000
188000
191000
190000
191000
189000
187000
379000
383000
385000
386000
385000
389000
319000
316000
341000
375000
265000
257000
187000
189000
192000
191000
193000
191000
192000
259000
189000
185000
186000
191000
188000
189000
189000
187000
188000
188000
188000
190000
195000
191000
186000
186000
191000
187000
188000
200000
191000
188000
185000
187000
189000
188000
187000
187000
187000
191000
190000
187000
188000
190000
189000
200000
189000
191000
189000
208000
189000
187000
185000
188000
189000
189000
186000
185000
187000
188000
195000
187000
185000
187000
189000
187000
188000
185000
187000
191000
189000
187000
188000
191000
187000
190000
199000
189000
187000
187000
189000
189000
187000
188000
186000
188000
189000
188000
205000
205000
204000
214000
201000
201000
190000
189000
187000
184000
188000
192000
191000
190000
188000
190000
191000
191000
192000
201000
193000
189000
192000
190000
188000
190000
191000
188000
187000
191000
197000
197000
192000
192000
187000
192000
192000
192000
195000
193000
195000
191000
191000
189000
188000
190000
193000
190000
243000
190000
211000
187000
186000
188000
184000
188000
188000
189000
191000
196000
191000
191000
201000
195000
202000
192000
455000
395000
405000
404000
399000
394000
326000
321000
328000
266000
263000
257000
195000
195000
200000
209000
198000
194000
195000
194000
208000
207000
196000
196000
191000
194000
194000
191000
195000
189000
192000
206000
192000
192000
193000
200000
192000
196000
195000
194000
195000
193000
196000
197000
192000
194000
205000
192000
198000
192000
193000
196000
195000
197000
194000
196000
197000
193000
195000
193000
193000
196000
206000
195000
189000
202000
200000
195000
218000
195000
193000
196000
191000
213000
235000
223000
223000
195000
200000
192000
192000
195000
197000
196000
199000
197000
191000
194000
214000
226000
227000
188000
189000
201000
188000
186000
191000
187000
192000
187000
185000
186000
187000
187000
193000
188000
185000
189000
190000
201000
187000
189000
186000
191000
190000
194000
189000
193000
190000
185000
188000
190000
189000
186000
196000
190000
184000
214000
192000
207000
189000
188000
185000
185000
185000
189000
187000
192000
190000
192000
202000
192000
195000
189000
189000
192000
185000
188000
191000
190000
193000
190000
189000
191000
189000
195000
187000
185000
188000
188000
193000
192000
187000
187000
185000
190000
189000
187000
190000
190000
186000
199000
188000
189000
186000
186000
186000
191000
189000
187000
187000
190000
190000
187000
188000
185000
263000
197000
194000
197000
193000
217000
192000
199000
201000
188000
187000
187000
190000
189000
190000
189000
339000
199000
189000
189000
188000
187000
187000
186000
189000
187000
190000
189000
188000
187000
196000
189000
204000
187000
194000
189000
188000
186000
189000
188000
186000
189000
190000
185000
186000
189000
187000
199000
191000
192000
190000
189000
191000
185000
186000
201000
190000
190000
186000
194000
189000
188000
189000
200000
188000
187000
188000
189000
188000
189000
187000
189000
186000
190000
187000
188000
186000
192000
197000
189000
186000
192000
187000
190000
188000
188000
188000
194000
200000
188000
188000
187000
193000
187000
203000
188000
191000
202000
191000
188000
187000
189000
187000
190000
188000
188000
204000
184000
190000
185000
203000
187000
187000
188000
187000
183000
187000
187000
187000
188000
186000
193000
187000
249000
191000
197000
188000
189000
193000
191000
189000
188000
189000
188000
189000
186000
193000
193000
192000
192000
187000
195000
189000
189000
186000
188000
187000
191000
188000
189000
440000
401000
#end
