#8fe6c0b2|local|THIS@/Users/lottiecarruthers/Documents/Masters/Project/HelloWorldSPL/output/.spl/temporary/build-0/sourceCode/revision-0-20160701121213:main.Method#sort2[THIS@/Users/lottiecarruthers/Documents/Masters/Project/HelloWorldSPL/output/.spl/temporary/build-0/sourceCode/revision-0-20160701121213:main.Generator('MzA7MTAwMA==')#generate()]()
#date=01-Jul-2016 12:12:23
#warmup=1000
#count=2000
#begin
269000
195000
190000
191000
193000
190000
226000
193000
192000
189000
197000
211000
190000
195000
196000
198000
192000
195000
193000
190000
190000
194000
197000
193000
193000
209000
225000
207000
193000
195000
192000
191000
191000
196000
194000
192000
190000
190000
193000
196000
193000
220000
268000
190000
199000
190000
194000
192000
194000
191000
190000
192000
192000
193000
190000
197000
193000
190000
191000
189000
195000
189000
203000
189000
191000
191000
290000
213000
198000
189000
191000
194000
192000
211000
198000
198000
199000
197000
196000
191000
191000
234000
194000
191000
193000
191000
195000
192000
196000
245000
195000
193000
192000
189000
191000
186000
188000
190000
190000
191000
193000
192000
195000
191000
204000
193000
192000
192000
191000
190000
192000
192000
197000
191000
201000
208000
197000
192000
192000
192000
200000
193000
191000
192000
192000
195000
227000
221000
196000
191000
191000
189000
194000
192000
190000
205000
191000
190000
191000
195000
219000
192000
193000
191000
194000
194000
190000
196000
194000
190000
193000
200000
196000
190000
195000
191000
192000
192000
191000
193000
186000
194000
194000
192000
193000
190000
195000
196000
192000
191000
188000
189000
191000
189000
193000
192000
192000
191000
188000
193000
191000
191000
199000
192000
191000
192000
191000
197000
193000
197000
1214000
194000
194000
193000
188000
191000
188000
250000
219000
193000
191000
192000
191000
195000
188000
191000
189000
206000
190000
190000
191000
187000
191000
210000
191000
191000
193000
188000
189000
190000
199000
193000
189000
189000
192000
194000
191000
192000
196000
201000
191000
190000
189000
191000
188000
189000
192000
190000
194000
187000
191000
188000
190000
194000
230000
188000
188000
188000
193000
189000
190000
193000
189000
196000
242000
192000
189000
192000
194000
192000
204000
191000
223000
201000
197000
197000
197000
198000
195000
201000
202000
220000
196000
194000
198000
197000
201000
193000
251000
255000
255000
255000
253000
259000
256000
253000
262000
313000
320000
316000
313000
273000
253000
254000
192000
190000
189000
187000
188000
191000
189000
191000
190000
191000
191000
188000
191000
202000
192000
193000
193000
195000
189000
191000
191000
191000
189000
190000
275000
199000
191000
190000
208000
193000
186000
190000
190000
190000
193000
187000
189000
189000
192000
190000
195000
193000
191000
188000
202000
188000
189000
189000
189000
187000
188000
192000
189000
192000
191000
230000
191000
188000
196000
198000
189000
189000
187000
188000
189000
191000
194000
195000
195000
187000
187000
188000
190000
191000
187000
205000
190000
191000
189000
191000
187000
192000
193000
190000
188000
189000
192000
191000
190000
191000
186000
203000
191000
190000
189000
191000
190000
189000
192000
190000
191000
189000
195000
192000
190000
190000
202000
191000
187000
190000
191000
188000
189000
190000
187000
189000
190000
191000
195000
192000
192000
187000
202000
194000
193000
190000
189000
187000
191000
191000
191000
191000
190000
192000
191000
191000
189000
199000
187000
193000
190000
192000
191000
189000
197000
193000
196000
189000
188000
188000
189000
193000
194000
199000
213000
190000
190000
191000
193000
191000
190000
191000
189000
187000
189000
189000
190000
191000
201000
194000
192000
193000
196000
192000
191000
189000
190000
190000
191000
193000
188000
195000
192000
190000
201000
190000
187000
193000
191000
190000
197000
189000
192000
208000
190000
195000
192000
188000
190000
190000
202000
193000
190000
198000
190000
189000
188000
191000
191000
191000
190000
189000
190000
189000
189000
196000
190000
192000
190000
208000
192000
186000
191000
191000
195000
188000
192000
193000
188000
223000
191000
204000
186000
186000
190000
190000
189000
191000
188000
190000
191000
190000
190000
191000
190000
187000
201000
189000
195000
193000
190000
189000
191000
189000
187000
190000
193000
192000
328000
189000
187000
192000
204000
188000
188000
189000
188000
188000
191000
213000
191000
190000
198000
195000
191000
192000
189000
206000
190000
190000
191000
189000
192000
192000
225000
192000
187000
188000
191000
190000
201000
192000
194000
200000
189000
188000
191000
190000
192000
195000
194000
190000
192000
191000
189000
190000
188000
191000
192000
214000
190000
192000
191000
189000
194000
196000
188000
190000
192000
191000
189000
190000
192000
193000
206000
191000
199000
194000
192000
192000
188000
190000
188000
195000
190000
191000
190000
190000
192000
193000
200000
189000
189000
189000
199000
188000
193000
193000
192000
191000
192000
189000
191000
191000
190000
202000
192000
193000
192000
195000
189000
192000
217000
192000
190000
189000
191000
189000
189000
190000
189000
201000
192000
193000
189000
188000
212000
214000
194000
190000
188000
186000
192000
191000
226000
192000
188000
192000
190000
194000
188000
190000
192000
217000
191000
190000
189000
191000
191000
191000
191000
187000
205000
193000
187000
192000
190000
187000
212000
190000
191000
189000
191000
194000
193000
192000
193000
193000
199000
194000
190000
191000
197000
191000
197000
191000
191000
189000
192000
192000
191000
189000
189000
201000
188000
189000
187000
191000
192000
193000
192000
190000
190000
196000
190000
189000
193000
192000
191000
202000
191000
188000
190000
189000
193000
264000
191000
193000
191000
191000
190000
189000
193000
187000
202000
192000
241000
195000
188000
190000
240000
202000
196000
191000
193000
197000
200000
198000
198000
202000
218000
257000
192000
187000
190000
193000
191000
193000
196000
191000
193000
189000
188000
194000
192000
190000
190000
209000
192000
190000
188000
194000
189000
190000
189000
213000
190000
188000
191000
190000
188000
206000
190000
187000
187000
190000
191000
187000
192000
191000
293000
196000
190000
188000
188000
187000
192000
203000
186000
193000
192000
212000
191000
187000
190000
192000
195000
190000
187000
188000
189000
187000
204000
190000
192000
189000
193000
191000
193000
190000
194000
244000
192000
191000
198000
193000
190000
254000
272000
252000
189000
190000
191000
192000
191000
191000
188000
190000
190000
191000
191000
206000
209000
206000
188000
191000
185000
189000
184000
192000
191000
191000
194000
190000
190000
187000
186000
198000
189000
200000
188000
188000
186000
187000
190000
188000
191000
190000
189000
190000
191000
188000
191000
187000
246000
325000
193000
192000
188000
191000
189000
192000
188000
187000
190000
189000
280000
314000
357000
320000
350000
303000
258000
260000
233000
191000
192000
195000
192000
189000
195000
191000
192000
191000
191000
192000
237000
204000
200000
190000
188000
190000
191000
192000
191000
191000
191000
188000
191000
190000
191000
210000
191000
254000
205000
204000
208000
206000
208000
207000
210000
204000
208000
211000
402000
363000
335000
457000
356000
244000
217000
217000
354000
237000
229000
336000
252000
229000
200000
205000
202000
196000
218000
204000
198000
200000
202000
376000
218000
217000
218000
223000
221000
216000
219000
222000
365000
252000
234000
220000
227000
217000
212000
198000
196000
203000
198000
198000
200000
199000
203000
202000
199000
202000
201000
201000
200000
200000
202000
200000
200000
201000
198000
201000
197000
200000
201000
201000
235000
236000
201000
200000
220000
197000
200000
198000
205000
198000
204000
207000
201000
201000
197000
201000
209000
221000
198000
198000
200000
197000
198000
196000
199000
200000
199000
199000
204000
198000
197000
206000
210000
203000
199000
197000
199000
201000
198000
196000
200000
198000
200000
198000
198000
197000
201000
200000
207000
199000
198000
199000
200000
203000
202000
200000
203000
197000
202000
198000
196000
200000
200000
211000
196000
199000
200000
200000
201000
200000
200000
199000
198000
195000
194000
196000
197000
198000
200000
209000
198000
198000
199000
196000
197000
200000
200000
200000
198000
199000
197000
200000
197000
203000
200000
201000
199000
202000
200000
197000
240000
200000
197000
199000
200000
198000
197000
197000
193000
204000
215000
199000
203000
204000
198000
200000
200000
201000
200000
199000
199000
200000
198000
200000
238000
204000
212000
202000
204000
201000
202000
201000
202000
199000
202000
202000
198000
199000
201000
206000
198000
231000
209000
198000
205000
199000
200000
198000
202000
198000
199000
191000
195000
198000
199000
198000
200000
209000
199000
197000
198000
200000
197000
199000
190000
185000
190000
188000
190000
191000
190000
189000
200000
189000
189000
189000
187000
187000
189000
190000
211000
189000
191000
192000
405000
391000
391000
392000
412000
389000
332000
323000
397000
468000
353000
317000
314000
322000
268000
253000
245000
209000
203000
204000
208000
189000
192000
189000
186000
189000
188000
188000
186000
188000
191000
190000
187000
191000
191000
202000
190000
186000
187000
207000
193000
187000
196000
194000
192000
191000
186000
198000
188000
190000
188000
213000
191000
193000
230000
187000
186000
187000
188000
185000
190000
188000
188000
233000
193000
186000
202000
190000
190000
189000
203000
191000
189000
193000
190000
186000
189000
186000
188000
187000
189000
187000
204000
188000
189000
194000
188000
191000
185000
188000
188000
188000
186000
185000
206000
204000
200000
201000
195000
186000
192000
192000
190000
189000
187000
186000
188000
190000
188000
186000
188000
186000
189000
202000
188000
205000
206000
201000
205000
205000
186000
186000
191000
188000
188000
186000
190000
183000
187000
199000
189000
190000
189000
187000
188000
184000
190000
189000
188000
189000
189000
185000
185000
189000
198000
187000
186000
215000
185000
190000
186000
189000
191000
190000
186000
187000
194000
246000
189000
185000
199000
189000
186000
188000
186000
188000
190000
186000
185000
189000
226000
186000
190000
192000
187000
195000
190000
191000
192000
190000
187000
186000
188000
188000
186000
190000
190000
189000
187000
189000
189000
196000
229000
186000
188000
189000
187000
184000
185000
189000
187000
192000
197000
190000
191000
187000
208000
186000
189000
188000
186000
189000
186000
189000
186000
188000
189000
191000
189000
188000
191000
188000
198000
187000
187000
190000
279000
187000
192000
188000
190000
188000
185000
187000
187000
188000
186000
189000
204000
187000
189000
188000
187000
185000
187000
187000
187000
189000
189000
191000
185000
269000
189000
206000
192000
195000
190000
192000
211000
211000
190000
185000
188000
189000
187000
189000
190000
194000
186000
196000
200000
189000
191000
191000
190000
188000
192000
189000
190000
188000
190000
193000
193000
188000
200000
188000
187000
190000
187000
186000
257000
220000
224000
190000
191000
191000
190000
188000
193000
190000
207000
191000
186000
187000
187000
322000
224000
190000
187000
190000
200000
189000
187000
651000
396000
383000
405000
389000
387000
389000
387000
393000
423000
320000
317000
320000
252000
257000
252000
189000
187000
204000
191000
190000
190000
189000
190000
186000
191000
190000
190000
192000
192000
210000
191000
191000
191000
199000
188000
190000
189000
189000
191000
193000
189000
188000
187000
193000
189000
187000
190000
191000
201000
191000
188000
187000
188000
187000
191000
212000
192000
190000
185000
187000
190000
187000
189000
187000
200000
191000
188000
191000
187000
193000
189000
190000
189000
189000
190000
207000
203000
208000
200000
212000
203000
193000
188000
185000
185000
185000
186000
187000
186000
189000
189000
189000
189000
187000
186000
200000
187000
190000
186000
188000
186000
192000
186000
189000
188000
184000
189000
190000
190000
188000
189000
187000
186000
185000
192000
187000
190000
190000
191000
188000
188000
187000
185000
183000
189000
189000
199000
186000
188000
188000
185000
188000
189000
190000
190000
189000
184000
186000
188000
191000
185000
187000
228000
263000
188000
188000
186000
214000
188000
185000
189000
190000
191000
189000
188000
189000
187000
207000
187000
190000
191000
190000
218000
211000
190000
189000
221000
208000
187000
188000
187000
189000
186000
203000
190000
188000
191000
191000
187000
186000
189000
188000
186000
188000
192000
190000
188000
188000
197000
186000
190000
189000
220000
189000
184000
186000
190000
186000
189000
190000
186000
189000
187000
191000
201000
187000
194000
190000
187000
187000
192000
190000
190000
185000
206000
189000
186000
187000
186000
189000
198000
189000
186000
188000
187000
188000
186000
189000
188000
187000
187000
190000
189000
192000
182000
199000
191000
191000
186000
189000
188000
188000
188000
185000
188000
188000
186000
210000
201000
187000
189000
202000
187000
185000
185000
186000
187000
188000
189000
185000
187000
187000
192000
191000
190000
186000
198000
189000
187000
186000
190000
189000
190000
187000
187000
187000
186000
189000
188000
188000
189000
190000
198000
190000
187000
188000
187000
190000
189000
190000
189000
190000
187000
189000
182000
188000
188000
194000
189000
189000
187000
185000
188000
188000
189000
186000
186000
191000
185000
188000
185000
188000
186000
199000
188000
190000
186000
208000
188000
190000
188000
190000
188000
191000
185000
231000
188000
189000
187000
187000
186000
184000
188000
257000
191000
189000
189000
186000
187000
188000
232000
211000
212000
219000
209000
188000
191000
196000
190000
188000
192000
187000
185000
190000
219000
188000
189000
190000
192000
188000
204000
192000
190000
185000
189000
212000
232000
192000
187000
187000
203000
186000
185000
187000
188000
198000
186000
190000
186000
189000
185000
190000
187000
185000
190000
188000
189000
191000
189000
188000
186000
224000
190000
192000
188000
187000
192000
191000
188000
189000
192000
189000
189000
189000
187000
188000
198000
186000
187000
186000
188000
188000
189000
188000
188000
187000
190000
219000
197000
213000
191000
191000
199000
186000
193000
189000
190000
186000
192000
192000
191000
187000
189000
186000
189000
191000
194000
189000
198000
189000
192000
193000
187000
189000
190000
188000
187000
190000
188000
222000
431000
408000
358000
335000
250000
256000
253000
187000
187000
191000
187000
186000
188000
190000
188000
191000
189000
189000
186000
201000
190000
188000
186000
187000
189000
186000
189000
188000
187000
187000
#end
