#9939ae0d|local|THIS@/Users/lottiecarruthers/Documents/Masters/Project/HelloWorldSPL/output/.spl/temporary/build-0/sourceCode/revision-0-20160701142639:main.HelloWorld#hello4(String)[THIS@/Users/lottiecarruthers/Documents/Masters/Project/HelloWorldSPL/output/.spl/temporary/build-0/sourceCode/revision-0-20160701142639:main.StringGenerator#generate()](10)
#date=01-Jul-2016 14:26:49
#warmup=1000
#count=2000
#begin
35000
41000
48000
55000
51000
60000
55000
55000
51000
54000
52000
55000
54000
51000
34000
40000
36000
35000
34000
34000
33000
35000
36000
50000
44000
55000
52000
52000
48000
56000
63000
53000
59000
48000
34000
34000
37000
36000
35000
36000
34000
36000
36000
33000
33000
34000
36000
37000
34000
33000
34000
36000
36000
31000
33000
34000
35000
36000
34000
33000
33000
36000
49000
34000
36000
77000
54000
101000
38000
29000
32000
32000
30000
29000
29000
33000
30000
28000
29000
29000
34000
31000
29000
29000
29000
31000
32000
29000
29000
29000
31000
31000
30000
29000
28000
31000
32000
28000
30000
30000
32000
31000
29000
30000
29000
31000
31000
28000
30000
29000
32000
34000
29000
29000
29000
31000
31000
29000
29000
29000
31000
32000
28000
28000
28000
32000
55000
46000
46000
51000
53000
54000
49000
48000
51000
49000
46000
46000
47000
60000
51000
46000
48000
48000
51000
51000
46000
47000
45000
48000
41000
29000
28000
28000
30000
30000
28000
28000
28000
30000
31000
31000
29000
28000
30000
30000
31000
28000
28000
30000
31000
28000
29000
28000
30000
31000
27000
29000
28000
30000
31000
28000
28000
28000
30000
31000
28000
28000
29000
30000
1113000
37000
28000
28000
30000
31000
28000
29000
30000
30000
27000
28000
28000
30000
30000
27000
28000
44000
46000
48000
49000
42000
42000
32000
29000
28000
28000
28000
31000
30000
28000
28000
28000
31000
29000
28000
28000
28000
30000
31000
28000
28000
29000
31000
31000
27000
28000
31000
35000
31000
27000
28000
28000
30000
49000
43000
46000
44000
49000
50000
43000
49000
31000
30000
132000
72000
48000
47000
50000
51000
46000
45000
48000
50000
44000
46000
46000
49000
48000
53000
46000
46000
48000
52000
45000
46000
47000
49000
48000
45000
44000
46000
50000
51000
46000
47000
45000
48000
50000
45000
46000
45000
49000
48000
46000
47000
45000
49000
50000
45000
45000
46000
47000
80000
45000
44000
43000
47000
49000
45000
47000
43000
39000
48000
43000
47000
46000
48000
51000
47000
45000
45000
50000
50000
53000
47000
45000
51000
50000
45000
46000
44000
49000
49000
45000
48000
50000
50000
49000
44000
47000
50000
51000
45000
46000
47000
51000
51000
46000
46000
46000
50000
50000
46000
47000
47000
52000
50000
46000
47000
47000
50000
51000
45000
68000
47000
50000
48000
45000
46000
45000
49000
48000
46000
47000
44000
50000
49000
47000
47000
47000
50000
51000
46000
47000
47000
54000
50000
45000
45000
46000
49000
49000
46000
46000
45000
50000
48000
43000
47000
46000
50000
49000
45000
46000
51000
49000
49000
45000
47000
48000
51000
46000
46000
47000
49000
47000
46000
45000
47000
54000
49000
45000
46000
45000
49000
49000
44000
41000
31000
30000
29000
28000
27000
28000
30000
30000
27000
27000
29000
30000
30000
28000
28000
27000
29000
29000
27000
28000
28000
30000
30000
27000
27000
28000
29000
30000
27000
27000
28000
29000
30000
28000
27000
27000
29000
30000
27000
28000
30000
30000
31000
26000
28000
31000
31000
28000
27000
27000
30000
29000
27000
28000
28000
31000
30000
27000
28000
27000
31000
30000
28000
29000
28000
30000
29000
28000
28000
29000
31000
30000
27000
28000
26000
29000
30000
27000
27000
28000
29000
30000
28000
28000
28000
29000
29000
26000
26000
27000
30000
29000
28000
28000
28000
31000
31000
28000
32000
29000
30000
30000
28000
28000
30000
33000
30000
67000
68000
51000
54000
31000
28000
29000
31000
31000
27000
28000
27000
29000
29000
29000
29000
29000
30000
37000
40000
29000
28000
30000
30000
27000
27000
27000
31000
30000
28000
28000
29000
29000
30000
28000
27000
27000
29000
29000
28000
27000
28000
29000
30000
28000
28000
27000
29000
30000
27000
29000
28000
29000
31000
28000
28000
28000
30000
31000
28000
28000
28000
30000
29000
27000
27000
29000
29000
28000
27000
28000
29000
31000
28000
28000
27000
29000
30000
27000
29000
28000
81000
31000
29000
28000
28000
30000
30000
28000
28000
28000
31000
30000
28000
29000
50000
53000
50000
45000
28000
28000
29000
30000
29000
28000
28000
29000
30000
28000
28000
28000
29000
31000
27000
27000
27000
29000
29000
29000
29000
29000
29000
30000
28000
29000
27000
28000
29000
28000
28000
30000
29000
26000
28000
27000
30000
30000
28000
28000
29000
34000
30000
28000
28000
31000
29000
29000
27000
28000
27000
30000
29000
28000
28000
29000
32000
31000
28000
29000
29000
31000
30000
29000
28000
28000
29000
32000
30000
28000
44000
30000
30000
28000
28000
28000
29000
30000
28000
28000
29000
30000
31000
29000
28000
28000
30000
30000
28000
28000
28000
29000
29000
28000
28000
30000
29000
28000
28000
27000
29000
32000
27000
28000
27000
29000
28000
28000
28000
29000
31000
30000
28000
28000
28000
31000
30000
28000
29000
28000
30000
29000
26000
29000
28000
31000
30000
27000
30000
28000
30000
30000
28000
28000
28000
32000
31000
28000
28000
27000
29000
30000
28000
27000
29000
29000
31000
28000
29000
97000
82000
59000
49000
39000
64000
56000
44000
44000
43000
47000
47000
43000
43000
44000
46000
47000
43000
44000
43000
46000
47000
44000
44000
47000
48000
44000
60000
51000
52000
52000
43000
45000
62000
47000
51000
40000
42000
43000
46000
45000
40000
43000
45000
45000
43000
40000
42000
44000
44000
41000
41000
40000
45000
42000
40000
28000
28000
29000
28000
27000
27000
28000
28000
27000
27000
26000
29000
28000
27000
27000
27000
28000
30000
27000
27000
26000
39000
46000
41000
42000
45000
48000
45000
46000
43000
47000
49000
41000
40000
44000
46000
46000
44000
43000
45000
48000
44000
43000
43000
47000
47000
44000
44000
43000
47000
47000
44000
44000
44000
47000
47000
43000
44000
49000
55000
28000
27000
27000
30000
29000
27000
27000
27000
29000
29000
27000
27000
27000
28000
28000
26000
26000
28000
29000
27000
27000
27000
29000
29000
27000
27000
27000
29000
29000
27000
26000
28000
29000
31000
27000
27000
29000
29000
26000
27000
26000
29000
29000
25000
28000
27000
29000
29000
27000
27000
28000
29000
28000
26000
27000
28000
29000
27000
26000
27000
30000
28000
27000
26000
27000
28000
29000
27000
27000
27000
28000
28000
26000
27000
29000
29000
27000
27000
27000
29000
29000
27000
27000
27000
29000
29000
27000
27000
27000
29000
27000
27000
27000
29000
28000
26000
27000
27000
30000
29000
26000
27000
26000
28000
29000
27000
26000
28000
29000
26000
27000
27000
29000
29000
26000
27000
27000
29000
29000
27000
27000
27000
29000
30000
26000
27000
27000
29000
27000
26000
27000
27000
29000
27000
27000
27000
29000
29000
27000
35000
27000
27000
29000
26000
27000
29000
29000
46000
28000
27000
29000
29000
27000
27000
27000
28000
29000
27000
28000
29000
29000
29000
26000
27000
30000
29000
27000
27000
27000
30000
28000
27000
28000
27000
28000
29000
27000
28000
28000
29000
29000
26000
27000
30000
28000
26000
27000
27000
29000
29000
26000
28000
28000
29000
29000
26000
26000
27000
29000
29000
27000
27000
29000
29000
27000
27000
26000
29000
28000
26000
27000
27000
29000
29000
27000
26000
27000
29000
28000
26000
27000
29000
28000
26000
27000
27000
29000
29000
27000
27000
27000
29000
29000
26000
27000
26000
29000
28000
27000
27000
29000
29000
27000
27000
27000
29000
28000
26000
27000
27000
28000
29000
27000
27000
27000
29000
32000
28000
26000
30000
29000
27000
27000
27000
29000
29000
27000
26000
27000
28000
30000
27000
27000
27000
28000
27000
27000
27000
29000
28000
26000
27000
26000
28000
29000
26000
27000
29000
30000
30000
27000
26000
29000
29000
27000
27000
28000
29000
36000
27000
27000
27000
28000
29000
27000
27000
27000
29000
30000
28000
27000
29000
29000
26000
28000
27000
29000
27000
26000
27000
27000
28000
29000
27000
27000
27000
29000
29000
26000
26000
29000
29000
27000
28000
27000
28000
29000
26000
27000
26000
28000
29000
27000
28000
27000
28000
28000
27000
27000
28000
30000
27000
26000
27000
29000
29000
26000
27000
27000
29000
29000
27000
27000
27000
29000
30000
27000
40000
29000
26000
26000
26000
24000
27000
24000
28000
25000
24000
27000
24000
27000
24000
26000
26000
24000
26000
24000
26000
26000
25000
26000
25000
25000
26000
24000
27000
26000
24000
26000
24000
28000
25000
26000
27000
24000
25000
26000
24000
26000
25000
25000
26000
23000
27000
25000
26000
26000
25000
26000
24000
25000
26000
25000
27000
25000
24000
26000
24000
27000
24000
24000
26000
24000
27000
25000
25000
27000
24000
27000
27000
24000
27000
24000
25000
26000
25000
27000
24000
25000
27000
24000
27000
24000
25000
26000
24000
26000
24000
24000
26000
24000
26000
24000
24000
26000
25000
27000
25000
24000
26000
24000
26000
25000
24000
25000
24000
24000
27000
24000
26000
24000
24000
28000
24000
26000
23000
24000
26000
35000
26000
25000
25000
26000
23000
27000
24000
25000
26000
24000
26000
24000
25000
26000
24000
27000
24000
26000
26000
24000
27000
24000
26000
27000
24000
25000
26000
25000
26000
24000
25000
26000
24000
26000
24000
26000
26000
24000
27000
24000
26000
26000
24000
26000
23000
25000
27000
24000
27000
24000
25000
26000
24000
27000
24000
25000
26000
24000
27000
27000
24000
26000
24000
26000
27000
24000
26000
24000
24000
28000
24000
26000
25000
25000
27000
24000
28000
24000
25000
26000
24000
26000
25000
24000
27000
25000
26000
24000
25000
26000
25000
26000
24000
25000
26000
24000
25000
26000
23000
45000
28000
38000
27000
25000
26000
25000
24000
26000
24000
26000
25000
25000
26000
24000
26000
25000
24000
27000
24000
26000
23000
25000
26000
24000
26000
24000
25000
26000
25000
27000
27000
24000
27000
25000
25000
27000
24000
26000
24000
24000
28000
24000
27000
25000
25000
26000
25000
26000
25000
25000
26000
24000
26000
24000
25000
27000
24000
28000
24000
25000
27000
24000
30000
25000
24000
26000
25000
26000
26000
26000
26000
25000
24000
26000
24000
26000
24000
25000
26000
23000
26000
24000
25000
26000
24000
26000
24000
26000
26000
25000
27000
25000
25000
26000
24000
27000
23000
25000
26000
24000
26000
24000
24000
26000
23000
24000
27000
24000
26000
25000
25000
27000
25000
26000
24000
25000
26000
23000
26000
24000
25000
26000
24000
27000
24000
24000
26000
25000
43000
25000
24000
26000
24000
26000
24000
25000
25000
24000
27000
25000
25000
26000
25000
24000
26000
24000
26000
24000
25000
26000
24000
27000
25000
25000
27000
24000
26000
24000
25000
26000
25000
26000
24000
24000
26000
25000
27000
25000
25000
26000
24000
27000
25000
25000
27000
24000
24000
26000
24000
27000
24000
25000
26000
24000
27000
24000
26000
26000
24000
26000
24000
26000
26000
25000
26000
23000
25000
26000
25000
26000
23000
25000
26000
25000
26000
24000
24000
26000
25000
27000
25000
24000
25000
24000
25000
26000
25000
26000
25000
24000
26000
23000
26000
23000
23000
26000
24000
26000
24000
25000
27000
25000
26000
24000
25000
26000
25000
27000
24000
24000
34000
25000
27000
24000
24000
26000
24000
26000
26000
24000
26000
24000
25000
27000
24000
28000
25000
25000
26000
24000
26000
24000
26000
26000
24000
26000
24000
24000
26000
25000
27000
24000
26000
26000
24000
26000
23000
26000
26000
24000
39000
30000
27000
30000
27000
27000
28000
27000
29000
26000
28000
29000
26000
29000
27000
27000
29000
27000
34000
37000
28000
29000
26000
27000
30000
27000
29000
26000
27000
28000
26000
29000
27000
27000
36000
25000
27000
26000
25000
27000
25000
26000
25000
24000
26000
25000
26000
25000
25000
27000
24000
28000
26000
25000
26000
24000
24000
26000
25000
26000
25000
24000
26000
25000
26000
25000
26000
27000
26000
26000
25000
25000
26000
24000
27000
24000
25000
27000
25000
48000
25000
25000
26000
24000
27000
27000
25000
26000
24000
25000
27000
25000
27000
25000
25000
27000
24000
26000
24000
25000
26000
26000
26000
26000
25000
28000
24000
26000
26000
25000
26000
24000
27000
24000
24000
26000
24000
28000
25000
25000
26000
25000
26000
24000
26000
26000
25000
25000
27000
26000
26000
24000
24000
27000
24000
26000
24000
25000
27000
25000
26000
26000
24000
26000
24000
27000
24000
25000
26000
24000
27000
24000
25000
26000
25000
27000
24000
24000
26000
25000
27000
27000
24000
28000
24000
26000
27000
25000
26000
25000
25000
28000
24000
27000
24000
26000
27000
24000
26000
25000
24000
26000
26000
27000
25000
25000
26000
24000
26000
24000
24000
26000
25000
27000
25000
24000
27000
25000
26000
26000
25000
26000
24000
24000
27000
24000
26000
25000
25000
26000
24000
26000
24000
24000
27000
24000
27000
24000
25000
26000
27000
27000
24000
24000
27000
25000
26000
24000
25000
26000
24000
#end
