#ce1fe94e|local|THIS@/Users/lottiecarruthers/Documents/Masters/Project/HelloWorldSPL/output/.spl/temporary/build-0/sourceCode/revision-0-20160701142639:main.HelloWorld#hello5(String)[THIS@/Users/lottiecarruthers/Documents/Masters/Project/HelloWorldSPL/output/.spl/temporary/build-0/sourceCode/revision-0-20160701142639:main.StringGenerator#generate()](10)
#date=01-Jul-2016 14:26:46
#warmup=1000
#count=2000
#begin
66000
61000
49000
49000
49000
51000
48000
48000
48000
51000
50000
48000
48000
51000
53000
52000
48000
53000
52000
47000
47000
46000
51000
67000
49000
48000
50000
50000
46000
55000
52000
51000
47000
47000
51000
52000
47000
46000
47000
52000
49000
48000
48000
49000
47000
47000
46000
52000
50000
46000
47000
52000
49000
47000
47000
48000
52000
47000
48000
48000
52000
48000
61000
51000
53000
53000
49000
48000
53000
55000
49000
38000
33000
31000
29000
30000
76000
36000
29000
30000
30000
30000
32000
28000
30000
32000
32000
29000
29000
32000
31000
29000
29000
30000
32000
29000
31000
30000
31000
28000
28000
30000
31000
31000
29000
29000
31000
32000
29000
30000
29000
31000
30000
29000
30000
30000
29000
29000
29000
32000
32000
29000
30000
32000
31000
29000
50000
50000
53000
47000
49000
52000
53000
47000
32000
30000
31000
32000
29000
29000
41000
32000
29000
28000
30000
30000
28000
28000
29000
30000
29000
27000
26000
28000
25000
26000
27000
29000
29000
26000
27000
29000
28000
26000
25000
27000
29000
26000
26000
26000
28000
26000
26000
26000
28000
29000
26000
28000
29000
28000
26000
26000
29000
28000
26000
26000
26000
28000
26000
26000
1833000
71000
47000
44000
45000
48000
47000
45000
44000
48000
47000
42000
44000
43000
45000
43000
44000
75000
56000
43000
43000
108000
65000
50000
45000
44000
48000
43000
36000
35000
35000
38000
35000
35000
35000
37000
39000
35000
35000
38000
38000
35000
36000
38000
38000
35000
35000
35000
37000
35000
35000
35000
38000
39000
48000
55000
63000
62000
57000
56000
58000
58000
47000
35000
59000
34000
32000
28000
27000
54000
29000
28000
27000
31000
31000
28000
28000
31000
30000
29000
29000
27000
31000
27000
28000
28000
29000
27000
28000
29000
29000
31000
26000
29000
30000
30000
27000
46000
34000
31000
27000
29000
29000
30000
29000
27000
27000
30000
30000
27000
28000
30000
30000
28000
34000
29000
30000
28000
28000
28000
30000
28000
28000
27000
30000
28000
29000
28000
29000
31000
27000
28000
30000
30000
32000
29000
29000
31000
28000
28000
28000
29000
28000
29000
27000
30000
31000
27000
28000
31000
31000
28000
28000
28000
30000
29000
27000
28000
29000
28000
28000
27000
30000
30000
27000
28000
31000
30000
27000
28000
30000
31000
28000
27000
45000
31000
27000
28000
27000
29000
30000
28000
28000
30000
29000
28000
28000
31000
30000
27000
28000
29000
29000
26000
28000
28000
30000
27000
27000
29000
30000
31000
28000
27000
30000
30000
27000
27000
28000
30000
28000
29000
27000
30000
30000
28000
29000
30000
31000
28000
28000
30000
30000
29000
27000
30000
29000
29000
28000
27000
31000
28000
74000
44000
47000
47000
47000
51000
49000
42000
35000
28000
39000
38000
30000
34000
34000
36000
36000
45000
65000
78000
46000
45000
46000
52000
49000
53000
28000
31000
30000
28000
28000
29000
29000
27000
29000
28000
30000
28000
67000
31000
27000
27000
25000
26000
28000
28000
24000
25000
27000
27000
25000
25000
29000
28000
25000
25000
26000
26000
24000
26000
24000
27000
25000
26000
25000
27000
25000
26000
24000
27000
24000
25000
26000
27000
27000
25000
25000
27000
26000
25000
25000
27000
27000
27000
26000
27000
28000
25000
26000
25000
27000
25000
26000
25000
27000
26000
25000
24000
26000
24000
26000
25000
27000
25000
25000
31000
27000
28000
25000
25000
27000
60000
28000
25000
28000
27000
26000
25000
41000
27000
25000
25000
26000
27000
24000
26000
26000
27000
26000
25000
26000
27000
25000
25000
26000
26000
27000
24000
26000
26000
26000
25000
26000
27000
27000
25000
26000
27000
26000
25000
26000
25000
28000
25000
26000
26000
27000
25000
25000
25000
26000
26000
25000
24000
26000
24000
24000
25000
26000
27000
24000
26000
27000
28000
24000
25000
27000
27000
25000
25000
28000
27000
24000
26000
26000
27000
25000
26000
26000
27000
24000
26000
26000
26000
25000
26000
25000
26000
25000
25000
26000
27000
29000
24000
26000
27000
27000
24000
25000
27000
26000
25000
26000
28000
27000
26000
25000
26000
27000
26000
26000
25000
27000
25000
26000
25000
28000
26000
25000
26000
27000
28000
25000
27000
27000
27000
25000
25000
27000
27000
25000
26000
27000
27000
24000
26000
25000
27000
25000
25000
25000
26000
26000
25000
25000
27000
24000
26000
43000
30000
26000
29000
27000
38000
37000
24000
26000
26000
27000
25000
26000
27000
27000
25000
26000
28000
27000
24000
25000
25000
26000
25000
25000
40000
28000
25000
25000
26000
27000
25000
26000
25000
27000
25000
26000
26000
26000
28000
24000
25000
26000
28000
25000
26000
27000
27000
26000
25000
28000
27000
25000
24000
24000
27000
25000
26000
26000
27000
26000
26000
25000
27000
26000
26000
27000
27000
27000
26000
26000
26000
26000
26000
26000
27000
27000
26000
25000
28000
27000
25000
24000
25000
27000
25000
26000
25000
26000
28000
26000
25000
28000
24000
25000
26000
26000
26000
25000
25000
26000
27000
25000
24000
27000
26000
24000
25000
28000
27000
24000
25000
28000
27000
24000
25000
26000
27000
26000
25000
26000
26000
25000
25000
26000
26000
26000
25000
25000
26000
25000
26000
25000
28000
28000
25000
25000
27000
27000
25000
25000
28000
28000
25000
25000
27000
27000
25000
25000
27000
27000
24000
25000
26000
27000
26000
25000
25000
26000
25000
25000
26000
27000
27000
37000
75000
45000
50000
48000
40000
49000
40000
27000
27000
31000
29000
27000
32000
36000
33000
32000
32000
44000
47000
48000
60000
30000
38000
26000
26000
26000
28000
25000
27000
25000
27000
28000
26000
26000
28000
27000
26000
26000
27000
28000
25000
26000
28000
28000
25000
25000
24000
27000
26000
25000
44000
45000
27000
27000
27000
29000
26000
27000
27000
29000
29000
27000
27000
29000
29000
27000
27000
29000
30000
27000
26000
30000
29000
27000
27000
30000
30000
26000
27000
27000
29000
27000
27000
27000
28000
27000
26000
27000
29000
26000
27000
27000
29000
29000
26000
26000
29000
29000
25000
26000
30000
29000
27000
27000
29000
29000
26000
27000
28000
28000
27000
27000
26000
28000
26000
27000
26000
29000
26000
27000
27000
29000
27000
26000
27000
28000
28000
26000
27000
29000
27000
27000
27000
30000
28000
27000
26000
28000
28000
27000
28000
27000
30000
27000
27000
26000
28000
27000
27000
27000
29000
26000
27000
27000
29000
30000
27000
27000
29000
29000
27000
26000
29000
28000
27000
26000
29000
27000
27000
27000
27000
30000
28000
27000
27000
29000
27000
27000
27000
29000
26000
27000
27000
28000
26000
27000
26000
29000
30000
27000
26000
30000
31000
29000
35000
29000
29000
27000
27000
29000
28000
27000
44000
28000
29000
26000
27000
26000
30000
27000
27000
27000
28000
26000
27000
27000
29000
26000
26000
26000
30000
29000
27000
26000
29000
28000
26000
27000
29000
29000
27000
27000
30000
28000
26000
27000
27000
30000
26000
27000
27000
29000
27000
27000
27000
29000
27000
28000
27000
30000
29000
26000
26000
28000
27000
26000
26000
30000
29000
26000
27000
29000
28000
27000
27000
26000
28000
26000
27000
27000
29000
26000
26000
26000
28000
26000
26000
27000
28000
27000
27000
27000
28000
28000
25000
26000
28000
29000
27000
27000
29000
29000
27000
27000
30000
29000
26000
27000
27000
29000
27000
27000
27000
29000
27000
27000
27000
29000
27000
26000
27000
29000
26000
27000
26000
28000
29000
27000
26000
29000
29000
27000
26000
29000
30000
27000
27000
30000
29000
25000
27000
27000
28000
27000
27000
25000
28000
27000
27000
27000
29000
26000
27000
31000
29000
29000
27000
27000
29000
30000
27000
26000
29000
29000
27000
26000
34000
43000
28000
29000
27000
70000
27000
27000
27000
28000
26000
27000
27000
29000
27000
27000
36000
52000
30000
27000
27000
30000
29000
26000
27000
29000
29000
27000
26000
27000
28000
26000
27000
27000
28000
27000
27000
27000
28000
26000
27000
27000
27000
28000
26000
27000
29000
30000
28000
28000
30000
29000
27000
27000
30000
29000
26000
27000
27000
29000
26000
27000
27000
28000
28000
27000
27000
29000
27000
27000
26000
29000
27000
27000
27000
28000
30000
27000
26000
29000
29000
26000
27000
29000
28000
27000
26000
29000
29000
27000
27000
28000
29000
59000
44000
46000
46000
42000
42000
44000
45000
41000
34000
28000
29000
29000
27000
27000
29000
29000
27000
26000
29000
29000
26000
27000
29000
28000
26000
26000
27000
29000
26000
27000
27000
29000
27000
26000
27000
29000
27000
27000
26000
28000
25000
25000
26000
28000
28000
25000
27000
29000
29000
26000
27000
29000
29000
26000
27000
30000
28000
26000
27000
27000
28000
27000
26000
26000
28000
26000
25000
27000
29000
26000
27000
26000
28000
27000
27000
27000
29000
29000
26000
26000
29000
29000
26000
26000
29000
29000
27000
28000
38000
25000
29000
25000
25000
41000
26000
27000
25000
27000
24000
24000
27000
25000
27000
24000
27000
24000
25000
27000
24000
26000
24000
25000
24000
25000
26000
25000
28000
25000
26000
24000
24000
27000
24000
27000
24000
24000
26000
23000
26000
25000
27000
25000
24000
26000
26000
26000
24000
27000
24000
25000
27000
24000
26000
25000
27000
25000
25000
27000
24000
26000
23000
27000
25000
26000
27000
25000
26000
24000
24000
23000
25000
27000
25000
27000
24000
24000
26000
24000
26000
24000
26000
25000
25000
24000
24000
26000
25000
26000
24000
24000
26000
25000
26000
24000
27000
25000
24000
27000
23000
25000
25000
27000
26000
25000
27000
25000
27000
24000
26000
24000
24000
27000
24000
27000
24000
26000
24000
24000
27000
25000
26000
25000
24000
24000
24000
28000
24000
27000
24000
25000
24000
25000
27000
25000
27000
24000
24000
27000
25000
27000
24000
26000
25000
24000
28000
24000
27000
25000
27000
24000
25000
27000
25000
27000
25000
28000
24000
25000
29000
25000
26000
24000
27000
25000
24000
27000
29000
27000
23000
25000
25000
24000
26000
26000
27000
24000
24000
24000
25000
26000
24000
26000
24000
26000
27000
25000
30000
25000
28000
25000
25000
27000
25000
27000
24000
27000
25000
25000
27000
25000
27000
26000
48000
25000
24000
27000
24000
26000
24000
28000
25000
25000
25000
24000
26000
25000
25000
23000
24000
26000
23000
26000
24000
25000
25000
25000
26000
24000
26000
24000
25000
26000
25000
26000
24000
26000
24000
25000
27000
30000
27000
25000
27000
25000
25000
26000
24000
27000
24000
27000
25000
24000
27000
25000
26000
23000
28000
24000
25000
27000
24000
27000
25000
27000
25000
24000
27000
24000
26000
24000
25000
23000
25000
26000
25000
26000
25000
24000
24000
24000
26000
25000
25000
25000
25000
24000
24000
27000
24000
25000
25000
25000
27000
25000
26000
24000
27000
25000
24000
28000
25000
26000
24000
26000
23000
24000
26000
24000
27000
24000
26000
27000
26000
27000
24000
26000
24000
25000
25000
24000
27000
24000
26000
24000
25000
24000
24000
27000
24000
27000
24000
25000
25000
25000
26000
25000
26000
24000
24000
28000
24000
26000
25000
26000
30000
24000
27000
24000
27000
24000
27000
25000
25000
27000
24000
26000
25000
27000
24000
24000
27000
25000
25000
24000
27000
25000
26000
26000
26000
26000
24000
25000
25000
24000
26000
24000
25000
24000
25000
24000
26000
26000
24000
26000
47000
30000
31000
27000
30000
27000
28000
30000
52000
30000
27000
29000
27000
28000
29000
27000
30000
27000
30000
29000
28000
30000
28000
30000
29000
38000
26000
25000
28000
25000
26000
24000
26000
25000
26000
27000
26000
26000
26000
25000
25000
24000
26000
24000
27000
25000
25000
25000
25000
27000
26000
27000
26000
25000
26000
25000
27000
25000
28000
25000
26000
27000
25000
58000
87000
52000
43000
42000
46000
43000
48000
43000
47000
43000
44000
47000
44000
46000
42000
47000
43000
42000
47000
42000
47000
44000
44000
43000
33000
37000
71000
65000
44000
44000
43000
42000
47000
42000
47000
43000
42000
46000
42000
46000
43000
47000
42000
43000
47000
43000
47000
43000
46000
43000
43000
45000
43000
46000
43000
48000
42000
43000
46000
42000
45000
42000
46000
42000
44000
43000
44000
65000
28000
27000
34000
25000
26000
26000
26000
25000
24000
25000
25000
27000
24000
25000
24000
24000
25000
24000
26000
23000
26000
23000
25000
27000
24000
27000
25000
27000
25000
25000
27000
25000
27000
25000
27000
24000
25000
27000
24000
26000
24000
27000
24000
24000
27000
24000
27000
24000
28000
24000
25000
27000
25000
27000
24000
25000
25000
24000
27000
25000
26000
24000
25000
24000
25000
27000
25000
27000
24000
24000
24000
24000
26000
24000
26000
24000
24000
26000
25000
26000
28000
27000
24000
25000
27000
25000
27000
26000
28000
24000
25000
27000
26000
26000
24000
27000
24000
25000
27000
#end
